1. check path to kernels in const_param_spheroids.h (line 17)
   default is rootdir[path_len_max] = "./kernels_fix_bin/"
2. make sure 'build' is executable
   if not run chmod +x build
3. execute 'build' to build (ignore warnings)
4. execute 'run' to run
5. you should get this:

[skorkin@gs618-aerol1 spheroids]$ time ./run

Case 1 inp: wavel = 0.600
            mie_fraq = 0.700  refre = 1.60  refim = 0.00
            cvf = 0.50  radf = 0.30  sgmf = 0.40
            cvc = 1.00  radc = 3.00  sgmc = 0.90
Case 1 out:
  0.0    1.016008e+02    9.997294e-01    9.997294e-01    9.994589e-01   -0.000000e+00    0.000000e+00
  1.0    6.220902e+01    9.995592e-01    9.995460e-01    9.991066e-01   -1.154759e-04   -2.714780e-03
  2.0    3.925060e+01    9.993048e-01    9.992119e-01    9.985243e-01   -2.712795e-04   -6.797968e-03
  3.0    2.796145e+01    9.990311e-01    9.987746e-01    9.978275e-01   -3.672112e-04   -1.061744e-02
  4.0    2.172044e+01    9.987637e-01    9.982716e-01    9.970805e-01   -3.888452e-04   -1.376277e-02
  5.0    1.793710e+01    9.985168e-01    9.977399e-01    9.963354e-01   -3.531180e-04   -1.621641e-02
  6.0    1.546706e+01    9.982951e-01    9.972065e-01    9.956238e-01   -2.868358e-04   -1.815239e-02
  7.0    1.374882e+01    9.980966e-01    9.966855e-01    9.949587e-01   -2.135548e-04   -1.978601e-02
  8.0    1.248442e+01    9.979169e-01    9.961805e-01    9.943392e-01   -1.504886e-04   -2.130423e-02
  9.0    1.150547e+01    9.977509e-01    9.956875e-01    9.937566e-01   -1.080306e-04   -2.284536e-02
 10.0    1.071260e+01    9.975948e-01    9.951991e-01    9.931986e-01   -9.368139e-05   -2.449713e-02
 11.0    1.004511e+01    9.974453e-01    9.947061e-01    9.926523e-01   -1.149890e-04   -2.631430e-02
 12.0    9.464612e+00    9.972992e-01    9.941965e-01    9.921028e-01   -1.739252e-04   -2.832544e-02
 13.0    8.937836e+00    9.971424e-01    9.935101e-01    9.913892e-01   -2.834205e-04   -3.061301e-02
 14.0    8.474269e+00    9.970065e-01    9.930801e-01    9.909372e-01   -4.035975e-04   -3.293958e-02
 15.0    8.037483e+00    9.968554e-01    9.924524e-01    9.902967e-01   -5.706051e-04   -3.552128e-02
 16.0    7.628801e+00    9.966984e-01    9.917679e-01    9.896059e-01   -7.689842e-04   -3.826014e-02
 17.0    7.243392e+00    9.965340e-01    9.910261e-01    9.888636e-01   -9.946065e-04   -4.113392e-02
 18.0    6.877935e+00    9.963609e-01    9.902331e-01    9.880755e-01   -1.241838e-03   -4.412321e-02
 19.0    6.530111e+00    9.961782e-01    9.893970e-01    9.872494e-01   -1.506794e-03   -4.720896e-02
 20.0    6.198333e+00    9.959850e-01    9.885220e-01    9.863895e-01   -1.790618e-03   -5.037304e-02
 21.0    5.881550e+00    9.957804e-01    9.876013e-01    9.854891e-01   -2.097386e-03   -5.360001e-02
 22.0    5.579034e+00    9.955645e-01    9.866233e-01    9.845358e-01   -2.431636e-03   -5.687389e-02
 23.0    5.290212e+00    9.953367e-01    9.855760e-01    9.835179e-01   -2.796993e-03   -6.017743e-02
 24.0    5.014601e+00    9.950956e-01    9.844490e-01    9.824258e-01   -3.195151e-03   -6.349271e-02
 25.0    4.751790e+00    9.948406e-01    9.832355e-01    9.812527e-01   -3.626759e-03   -6.680126e-02
 26.0    4.501395e+00    9.945704e-01    9.819297e-01    9.799935e-01   -4.093385e-03   -7.008554e-02
 27.0    4.263041e+00    9.942846e-01    9.805282e-01    9.786452e-01   -4.596143e-03   -7.333017e-02
 28.0    4.036377e+00    9.939820e-01    9.790268e-01    9.772042e-01   -5.136973e-03   -7.652057e-02
 29.0    3.821034e+00    9.936619e-01    9.774226e-01    9.756676e-01   -5.716705e-03   -7.964252e-02
 30.0    3.616643e+00    9.933235e-01    9.757128e-01    9.740331e-01   -6.335532e-03   -8.268380e-02
 31.0    3.422803e+00    9.929662e-01    9.738952e-01    9.722991e-01   -6.994298e-03   -8.563487e-02
 32.0    3.239128e+00    9.925893e-01    9.719659e-01    9.704621e-01   -7.693968e-03   -8.848319e-02
 33.0    3.065222e+00    9.921936e-01    9.699217e-01    9.685180e-01   -8.436722e-03   -9.121558e-02
 34.0    2.900682e+00    9.917779e-01    9.677586e-01    9.664639e-01   -9.224211e-03   -9.381925e-02
 35.0    2.745097e+00    9.913409e-01    9.654720e-01    9.642961e-01   -1.005673e-02   -9.628219e-02
 36.0    2.598081e+00    9.908818e-01    9.630584e-01    9.620116e-01   -1.093442e-02   -9.859249e-02
 37.0    2.459253e+00    9.903996e-01    9.605148e-01    9.596084e-01   -1.185625e-02   -1.007382e-01
 38.0    2.328236e+00    9.898935e-01    9.578395e-01    9.570853e-01   -1.282075e-02   -1.027080e-01
 39.0    2.204643e+00    9.893637e-01    9.550315e-01    9.544417e-01   -1.382595e-02   -1.044916e-01
 40.0    2.088106e+00    9.888096e-01    9.520899e-01    9.516771e-01   -1.487010e-02   -1.060804e-01
 41.0    1.978274e+00    9.882291e-01    9.490121e-01    9.487906e-01   -1.595172e-02   -1.074661e-01
 42.0    1.874800e+00    9.876207e-01    9.457954e-01    9.457804e-01   -1.706934e-02   -1.086390e-01
 43.0    1.777337e+00    9.869850e-01    9.424388e-01    9.426449e-01   -1.822055e-02   -1.095919e-01
 44.0    1.685534e+00    9.863232e-01    9.389460e-01    9.393868e-01   -1.940267e-02   -1.103274e-01
 45.0    1.599078e+00    9.856331e-01    9.353138e-01    9.360053e-01   -2.061333e-02   -1.108401e-01
 46.0    1.517678e+00    9.849141e-01    9.315398e-01    9.324993e-01   -2.184995e-02   -1.111215e-01
 47.0    1.441044e+00    9.841647e-01    9.276224e-01    9.288679e-01   -2.310819e-02   -1.111675e-01
 48.0    1.368899e+00    9.833848e-01    9.235598e-01    9.251098e-01   -2.438443e-02   -1.109746e-01
 49.0    1.300978e+00    9.825736e-01    9.193512e-01    9.212252e-01   -2.567554e-02   -1.105392e-01
 50.0    1.237030e+00    9.817297e-01    9.149940e-01    9.172133e-01   -2.697578e-02   -1.098584e-01
 51.0    1.176820e+00    9.808522e-01    9.104868e-01    9.130733e-01   -2.828018e-02   -1.089303e-01
 52.0    1.120132e+00    9.799400e-01    9.058276e-01    9.088048e-01   -2.958327e-02   -1.077533e-01
 53.0    1.066756e+00    9.789926e-01    9.010149e-01    9.044074e-01   -3.088091e-02   -1.063280e-01
 54.0    1.016486e+00    9.780118e-01    8.960490e-01    8.998795e-01   -3.216783e-02   -1.046543e-01
 55.0    9.691400e-01    9.769963e-01    8.909262e-01    8.952191e-01   -3.343991e-02   -1.027293e-01
 56.0    9.245395e-01    9.759449e-01    8.856434e-01    8.904247e-01   -3.469057e-02   -1.005567e-01
 57.0    8.825115e-01    9.748565e-01    8.802020e-01    8.854990e-01   -3.591618e-02   -9.814150e-02
 58.0    8.428938e-01    9.737300e-01    8.746043e-01    8.804466e-01   -3.711522e-02   -9.549208e-02
 59.0    8.055384e-01    9.725651e-01    8.688492e-01    8.752664e-01   -3.828064e-02   -9.261439e-02
 60.0    7.703103e-01    9.713620e-01    8.629372e-01    8.699595e-01   -3.940930e-02   -8.950909e-02
 61.0    7.370747e-01    9.701205e-01    8.568728e-01    8.645317e-01   -4.050008e-02   -8.618148e-02
 62.0    7.057112e-01    9.688409e-01    8.506578e-01    8.589852e-01   -4.154937e-02   -8.263592e-02
 63.0    6.761037e-01    9.675251e-01    8.442979e-01    8.533244e-01   -4.255592e-02   -7.887916e-02
 64.0    6.481453e-01    9.661719e-01    8.377969e-01    8.475548e-01   -4.351898e-02   -7.491921e-02
 65.0    6.217336e-01    9.647801e-01    8.311614e-01    8.416853e-01   -4.444200e-02   -7.076534e-02
 66.0    5.967744e-01    9.633501e-01    8.243978e-01    8.357225e-01   -4.532600e-02   -6.642564e-02
 67.0    5.731776e-01    9.618826e-01    8.175146e-01    8.296746e-01   -4.617547e-02   -6.191001e-02
 68.0    5.508555e-01    9.603782e-01    8.105200e-01    8.235492e-01   -4.699262e-02   -5.723623e-02
 69.0    5.297268e-01    9.588363e-01    8.034242e-01    8.173576e-01   -4.778339e-02   -5.241696e-02
 70.0    5.097155e-01    9.572586e-01    7.962375e-01    8.111092e-01   -4.855344e-02   -4.746094e-02
 71.0    4.907531e-01    9.556459e-01    7.889680e-01    8.048126e-01   -4.930528e-02   -4.237986e-02
 72.0    4.727795e-01    9.539993e-01    7.816241e-01    7.984763e-01   -5.004411e-02   -3.718363e-02
 73.0    4.557358e-01    9.523190e-01    7.742095e-01    7.921042e-01   -5.076943e-02   -3.188155e-02
 74.0    4.395675e-01    9.506063e-01    7.667312e-01    7.857020e-01   -5.148310e-02   -2.648080e-02
 75.0    4.242257e-01    9.488661e-01    7.591878e-01    7.792655e-01   -5.217871e-02   -2.098626e-02
 76.0    4.096642e-01    9.471004e-01    7.515827e-01    7.727974e-01   -5.285467e-02   -1.540199e-02
 77.0    3.958413e-01    9.453087e-01    7.439098e-01    7.662926e-01   -5.350559e-02   -9.733491e-03
 78.0    3.827157e-01    9.434938e-01    7.361644e-01    7.597446e-01   -5.412914e-02   -3.984529e-03
 79.0    3.702468e-01    9.416583e-01    7.283455e-01    7.531505e-01   -5.472804e-02    1.835799e-03
 80.0    3.584021e-01    9.398019e-01    7.204432e-01    7.465017e-01   -5.530247e-02    7.724369e-03
 81.0    3.471487e-01    9.379269e-01    7.124509e-01    7.397910e-01   -5.585000e-02    1.368060e-02
 82.0    3.364509e-01    9.360381e-01    7.043771e-01    7.330221e-01   -5.637870e-02    1.969744e-02
 83.0    3.262804e-01    9.341352e-01    6.962215e-01    7.261960e-01   -5.689430e-02    2.577291e-02
 84.0    3.166113e-01    9.322213e-01    6.879750e-01    7.193013e-01   -5.739394e-02    3.190362e-02
 85.0    3.074168e-01    9.303012e-01    6.796421e-01    7.123383e-01   -5.788204e-02    3.808632e-02
 86.0    2.986710e-01    9.283795e-01    6.712277e-01    7.053087e-01   -5.836572e-02    4.431689e-02
 87.0    2.903514e-01    9.264576e-01    6.627350e-01    6.982141e-01   -5.885052e-02    5.059287e-02
 88.0    2.824370e-01    9.245389e-01    6.541657e-01    6.910544e-01   -5.933867e-02    5.691107e-02
 89.0    2.749076e-01    9.226305e-01    6.455293e-01    6.838319e-01   -5.983800e-02    6.326912e-02
 90.0    2.677428e-01    9.207354e-01    6.368307e-01    6.765484e-01   -6.035621e-02    6.965576e-02
 91.0    2.609228e-01    9.188559e-01    6.280727e-01    6.692051e-01   -6.090138e-02    7.606437e-02
 92.0    2.544325e-01    9.169979e-01    6.192580e-01    6.617996e-01   -6.148247e-02    8.249443e-02
 93.0    2.482586e-01    9.151672e-01    6.103891e-01    6.543292e-01   -6.210683e-02    8.894368e-02
 94.0    2.423883e-01    9.133671e-01    6.014717e-01    6.467963e-01   -6.278631e-02    9.540950e-02
 95.0    2.368079e-01    9.116051e-01    5.925142e-01    6.392018e-01   -6.353418e-02    1.018882e-01
 96.0    2.315054e-01    9.098854e-01    5.835231e-01    6.315502e-01   -6.436352e-02    1.083793e-01
 97.0    2.264710e-01    9.082147e-01    5.744975e-01    6.238365e-01   -6.528238e-02    1.148787e-01
 98.0    2.216967e-01    9.065992e-01    5.654375e-01    6.160543e-01   -6.629838e-02    1.213860e-01
 99.0    2.171703e-01    9.050410e-01    5.563669e-01    6.082245e-01   -6.743334e-02    1.279028e-01
100.0    2.128848e-01    9.035507e-01    5.472872e-01    6.003402e-01   -6.869508e-02    1.344277e-01
101.0    2.088330e-01    9.021340e-01    5.382077e-01    5.924049e-01   -7.009312e-02    1.409580e-01
102.0    2.050052e-01    9.007886e-01    5.291278e-01    5.844214e-01   -7.163909e-02    1.474779e-01
103.0    2.013930e-01    8.995231e-01    5.200544e-01    5.763885e-01   -7.334301e-02    1.539810e-01
104.0    1.979877e-01    8.983470e-01    5.110062e-01    5.683164e-01   -7.521838e-02    1.604613e-01
105.0    1.947830e-01    8.972619e-01    5.019899e-01    5.602112e-01   -7.727649e-02    1.669104e-01
106.0    1.917714e-01    8.962711e-01    4.930084e-01    5.520718e-01   -7.952766e-02    1.733181e-01
107.0    1.889456e-01    8.953744e-01    4.840661e-01    5.439024e-01   -8.198497e-02    1.796728e-01
108.0    1.862989e-01    8.945735e-01    4.751732e-01    5.357112e-01   -8.466550e-02    1.859661e-01
109.0    1.838259e-01    8.938782e-01    4.663243e-01    5.274842e-01   -8.757730e-02    1.921848e-01
110.0    1.815202e-01    8.932892e-01    4.575246e-01    5.192243e-01   -9.073711e-02    1.983180e-01
111.0    1.793768e-01    8.928073e-01    4.487773e-01    5.109331e-01   -9.416088e-02    2.043565e-01
112.0    1.773907e-01    8.924361e-01    4.400805e-01    5.026068e-01   -9.786482e-02    2.102899e-01
113.0    1.755554e-01    8.921780e-01    4.314349e-01    4.942442e-01   -1.018689e-01    2.161027e-01
114.0    1.738664e-01    8.920320e-01    4.228208e-01    4.858250e-01   -1.061864e-01    2.217737e-01
115.0    1.723203e-01    8.919952e-01    4.142256e-01    4.773396e-01   -1.108349e-01    2.272935e-01
116.0    1.709127e-01    8.920731e-01    4.056459e-01    4.687783e-01   -1.158347e-01    2.326570e-01
117.0    1.696417e-01    8.922644e-01    3.970712e-01    4.601299e-01   -1.212009e-01    2.378539e-01
118.0    1.685056e-01    8.925666e-01    3.884893e-01    4.513842e-01   -1.269460e-01    2.428726e-01
119.0    1.675021e-01    8.929831e-01    3.798864e-01    4.425252e-01   -1.330824e-01    2.477012e-01
120.0    1.666292e-01    8.935068e-01    3.712457e-01    4.335413e-01   -1.396195e-01    2.523225e-01
121.0    1.658844e-01    8.941355e-01    3.625529e-01    4.244212e-01   -1.465646e-01    2.567205e-01
122.0    1.652652e-01    8.948678e-01    3.537959e-01    4.151537e-01   -1.539233e-01    2.608789e-01
123.0    1.647707e-01    8.956979e-01    3.449457e-01    4.057146e-01   -1.616936e-01    2.647737e-01
124.0    1.643977e-01    8.966251e-01    3.359886e-01    3.960886e-01   -1.698735e-01    2.683856e-01
125.0    1.641429e-01    8.976434e-01    3.269003e-01    3.862571e-01   -1.784581e-01    2.716878e-01
126.0    1.640012e-01    8.987455e-01    3.176696e-01    3.762144e-01   -1.874430e-01    2.746560e-01
127.0    1.639699e-01    8.999250e-01    3.082623e-01    3.659315e-01   -1.968105e-01    2.772601e-01
128.0    1.640457e-01    9.011743e-01    2.986321e-01    3.553682e-01   -2.065391e-01    2.794606e-01
129.0    1.642203e-01    9.024894e-01    2.887653e-01    3.445145e-01   -2.166186e-01    2.812221e-01
130.0    1.644892e-01    9.038648e-01    2.786243e-01    3.333390e-01   -2.270302e-01    2.825037e-01
131.0    1.648475e-01    9.052950e-01    2.681633e-01    3.217992e-01   -2.377528e-01    2.832598e-01
132.0    1.652891e-01    9.067683e-01    2.573464e-01    3.098697e-01   -2.487686e-01    2.834439e-01
133.0    1.658091e-01    9.082775e-01    2.461147e-01    2.974978e-01   -2.600499e-01    2.830017e-01
134.0    1.664009e-01    9.098212e-01    2.344168e-01    2.846316e-01   -2.715705e-01    2.818823e-01
135.0    1.670589e-01    9.113887e-01    2.221888e-01    2.712158e-01   -2.833003e-01    2.800291e-01
136.0    1.677777e-01    9.129693e-01    2.093608e-01    2.571903e-01   -2.952049e-01    2.773856e-01
137.0    1.685486e-01    9.145563e-01    1.958828e-01    2.425100e-01   -3.072549e-01    2.739010e-01
138.0    1.693682e-01    9.161420e-01    1.816744e-01    2.271018e-01   -3.194020e-01    2.695144e-01
139.0    1.702344e-01    9.177195e-01    1.666477e-01    2.108865e-01   -3.315883e-01    2.641706e-01
140.0    1.711416e-01    9.192879e-01    1.507216e-01    1.937850e-01   -3.437492e-01    2.578267e-01
141.0    1.720878e-01    9.208406e-01    1.338201e-01    1.757319e-01   -3.558120e-01    2.504380e-01
142.0    1.730729e-01    9.223635e-01    1.158604e-01    1.566597e-01   -3.676878e-01    2.419631e-01
143.0    1.740975e-01    9.238404e-01    9.674704e-02    1.364917e-01   -3.792733e-01    2.323641e-01
144.0    1.751634e-01    9.252618e-01    7.638661e-02    1.151464e-01   -3.904579e-01    2.216091e-01
145.0    1.762786e-01    9.266170e-01    5.466710e-02    9.252375e-02   -4.011065e-01    2.096625e-01
146.0    1.774500e-01    9.278942e-01    3.149896e-02    6.855075e-02   -4.110812e-01    1.965051e-01
147.0    1.786901e-01    9.290892e-01    6.787822e-03    4.314320e-02   -4.202232e-01    1.821407e-01
148.0    1.800192e-01    9.301913e-01   -1.956566e-02    1.622104e-02   -4.283488e-01    1.665970e-01
149.0    1.814610e-01    9.311955e-01   -4.762785e-02   -1.226796e-02   -4.352589e-01    1.499400e-01
150.0    1.830450e-01    9.320996e-01   -7.742843e-02   -4.234396e-02   -4.407362e-01    1.322842e-01
151.0    1.848098e-01    9.328974e-01   -1.089896e-01   -7.401497e-02   -4.445438e-01    1.137891e-01
152.0    1.867997e-01    9.335804e-01   -1.423032e-01   -1.072585e-01   -4.464321e-01    9.464631e-02
153.0    1.890630e-01    9.341485e-01   -1.773279e-01   -1.420264e-01   -4.461457e-01    7.507800e-02
154.0    1.916550e-01    9.346050e-01   -2.139886e-01   -1.782410e-01   -4.434229e-01    5.533889e-02
155.0    1.946420e-01    9.349503e-01   -2.521606e-01   -2.157728e-01   -4.379830e-01    3.571858e-02
156.0    1.980960e-01    9.351971e-01   -2.916199e-01   -2.544039e-01   -4.295374e-01    1.656130e-02
157.0    2.021101e-01    9.353638e-01   -3.320338e-01   -2.938172e-01   -4.177692e-01   -1.701597e-03
158.0    2.068113e-01    9.354759e-01   -3.728935e-01   -3.335276e-01   -4.023661e-01   -1.847366e-02
159.0    2.123858e-01    9.355799e-01   -4.134232e-01   -3.728052e-01   -3.831111e-01   -3.285097e-02
160.0    2.191239e-01    9.357505e-01   -4.526354e-01   -4.107309e-01   -3.600317e-01   -4.346448e-02
161.0    2.274237e-01    9.360818e-01   -4.896316e-01   -4.464974e-01   -3.335312e-01   -4.870320e-02
162.0    2.377016e-01    9.366568e-01   -5.239014e-01   -4.796899e-01   -3.042297e-01   -4.748477e-02
163.0    2.502877e-01    9.375113e-01   -5.552087e-01   -5.101374e-01   -2.727136e-01   -3.986426e-02
164.0    2.653864e-01    9.386345e-01   -5.834137e-01   -5.377317e-01   -2.394917e-01   -2.701120e-02
165.0    2.830428e-01    9.399794e-01   -6.084660e-01   -5.624214e-01   -2.051576e-01   -1.095666e-02
166.0    3.030400e-01    9.414530e-01   -6.303671e-01   -5.841627e-01   -1.706335e-01    5.675367e-03
167.0    3.247924e-01    9.429139e-01   -6.491334e-01   -6.028727e-01   -1.373753e-01    2.022388e-02
168.0    3.474317e-01    9.442249e-01   -6.648539e-01   -6.185276e-01   -1.072230e-01    3.084205e-02
169.0    3.701193e-01    9.452952e-01   -6.778775e-01   -6.313903e-01   -8.177719e-02    3.697306e-02
170.0    3.923206e-01    9.461001e-01   -6.888184e-01   -6.420349e-01   -6.180689e-02    3.898679e-02
171.0    4.138815e-01    9.466648e-01   -6.984603e-01   -6.512467e-01   -4.726676e-02    3.763349e-02
172.0    4.348971e-01    9.470297e-01   -7.077796e-01   -6.600235e-01   -3.764501e-02    3.363651e-02
173.0    4.555338e-01    9.472451e-01   -7.180838e-01   -6.697058e-01   -3.226430e-02    2.751309e-02
174.0    4.759156e-01    9.473670e-01   -7.310684e-01   -6.820332e-01   -3.035831e-02    1.960747e-02
175.0    4.960225e-01    9.474447e-01   -7.489445e-01   -6.992735e-01   -3.103333e-02    1.029455e-02
176.0    5.155651e-01    9.475422e-01   -7.747108e-01   -7.245090e-01   -3.313530e-02    7.344125e-05
177.0    5.338774e-01    9.477342e-01   -8.123814e-01   -7.618588e-01   -3.475930e-02   -9.690485e-03
178.0    5.498364e-01    9.481206e-01   -8.651264e-01   -8.146388e-01   -3.223420e-02   -1.543822e-02
179.0    5.627164e-01    9.488810e-01   -9.255537e-01   -8.756801e-01   -1.915594e-02   -1.104295e-02
180.0    5.730052e-01    9.493392e-01   -9.492444e-01   -8.997493e-01   -0.000000e+00    0.000000e+00
concentration ratio:  0.999519
ext =  5.10978  ssa =  0.98914

Case 2 inp: wavel = 0.400
            mie_fraq = 0.300  refre = 1.30  refim = 0.10
            cvf = 1.50  radf = 0.30  sgmf = 0.40
            cvc = 1.00  radc = 3.00  sgmc = 0.90
Case 2 out:
  0.0    2.208624e+02    9.998564e-01    9.998564e-01    9.997128e-01   -0.000000e+00    0.000000e+00
  1.0    1.082249e+02    9.997087e-01    9.997058e-01    9.994152e-01    1.906891e-04   -1.141533e-03
  2.0    6.589757e+01    9.995297e-01    9.995103e-01    9.990434e-01    5.340888e-04   -3.177921e-03
  3.0    4.880118e+01    9.993798e-01    9.993304e-01    9.987194e-01    9.748637e-04   -4.876900e-03
  4.0    4.017253e+01    9.992667e-01    9.991835e-01    9.984682e-01    1.527027e-03   -6.100841e-03
  5.0    3.496005e+01    9.991813e-01    9.990637e-01    9.982745e-01    2.210232e-03   -7.266376e-03
  6.0    3.131032e+01    9.991133e-01    9.989586e-01    9.981157e-01    3.032897e-03   -8.597862e-03
  7.0    2.844848e+01    9.990548e-01    9.988568e-01    9.979725e-01    3.998984e-03   -1.019452e-02
  8.0    2.602303e+01    9.990009e-01    9.987492e-01    9.978308e-01    5.108807e-03   -1.206965e-02
  9.0    2.387062e+01    9.989486e-01    9.986289e-01    9.976810e-01    6.365040e-03   -1.421601e-02
 10.0    2.190989e+01    9.988960e-01    9.984900e-01    9.975152e-01    7.768069e-03   -1.662503e-02
 11.0    2.009818e+01    9.988420e-01    9.983269e-01    9.973270e-01    9.314937e-03   -1.928447e-02
 12.0    1.841424e+01    9.987855e-01    9.981339e-01    9.971098e-01    1.100487e-02   -2.217489e-02
 13.0    1.679582e+01    9.987233e-01    9.978541e-01    9.968056e-01    1.281705e-02   -2.524527e-02
 14.0    1.538947e+01    9.986634e-01    9.976384e-01    9.965667e-01    1.480879e-02   -2.857123e-02
 15.0    1.403784e+01    9.985969e-01    9.973255e-01    9.962303e-01    1.692014e-02   -3.204130e-02
 16.0    1.278751e+01    9.985263e-01    9.969620e-01    9.958434e-01    1.916888e-02   -3.566996e-02
 17.0    1.163446e+01    9.984513e-01    9.965426e-01    9.954005e-01    2.155413e-02   -3.943717e-02
 18.0    1.057438e+01    9.983717e-01    9.960623e-01    9.948967e-01    2.407385e-02   -4.332734e-02
 19.0    9.602455e+00    9.982873e-01    9.955158e-01    9.943268e-01    2.672648e-02   -4.732665e-02
 20.0    8.713580e+00    9.981978e-01    9.948968e-01    9.936846e-01    2.951110e-02   -5.141945e-02
 21.0    7.902491e+00    9.981029e-01    9.941997e-01    9.929645e-01    3.242522e-02   -5.558896e-02
 22.0    7.163924e+00    9.980023e-01    9.934191e-01    9.921614e-01    3.546688e-02   -5.981893e-02
 23.0    6.492637e+00    9.978955e-01    9.925488e-01    9.912690e-01    3.863453e-02   -6.409335e-02
 24.0    5.883489e+00    9.977827e-01    9.915832e-01    9.902823e-01    4.192685e-02   -6.839640e-02
 25.0    5.331483e+00    9.976632e-01    9.905164e-01    9.891950e-01    4.534225e-02   -7.271327e-02
 26.0    4.831832e+00    9.975367e-01    9.893420e-01    9.880015e-01    4.887914e-02   -7.702862e-02
 27.0    4.380008e+00    9.974031e-01    9.880543e-01    9.866960e-01    5.253608e-02   -8.132732e-02
 28.0    3.971740e+00    9.972619e-01    9.866467e-01    9.852722e-01    5.631158e-02   -8.559435e-02
 29.0    3.603035e+00    9.971126e-01    9.851132e-01    9.837246e-01    6.020289e-02   -8.981381e-02
 30.0    3.270229e+00    9.969550e-01    9.834480e-01    9.820473e-01    6.420894e-02   -9.396911e-02
 31.0    2.969954e+00    9.967886e-01    9.816443e-01    9.802342e-01    6.833148e-02   -9.804378e-02
 32.0    2.699077e+00    9.966132e-01    9.796962e-01    9.782797e-01    7.256862e-02   -1.020234e-01
 33.0    2.454728e+00    9.964281e-01    9.775982e-01    9.761786e-01    7.691761e-02   -1.058936e-01
 34.0    2.234326e+00    9.962332e-01    9.753437e-01    9.739247e-01    8.138111e-02   -1.096384e-01
 35.0    2.035498e+00    9.960277e-01    9.729266e-01    9.715123e-01    8.595853e-02   -1.132446e-01
 36.0    1.856085e+00    9.958115e-01    9.703413e-01    9.689363e-01    9.064885e-02   -1.166992e-01
 37.0    1.694138e+00    9.955839e-01    9.675818e-01    9.661915e-01    9.545154e-02   -1.199896e-01
 38.0    1.547903e+00    9.953446e-01    9.646423e-01    9.632722e-01    1.003675e-01   -1.231023e-01
 39.0    1.415802e+00    9.950929e-01    9.615164e-01    9.601727e-01    1.053995e-01   -1.260242e-01
 40.0    1.296411e+00    9.948286e-01    9.581984e-01    9.568881e-01    1.105494e-01   -1.287439e-01
 41.0    1.188434e+00    9.945510e-01    9.546841e-01    9.534145e-01    1.158144e-01   -1.312539e-01
 42.0    1.090722e+00    9.942596e-01    9.509672e-01    9.497463e-01    1.211983e-01   -1.335447e-01
 43.0    1.002246e+00    9.939540e-01    9.470409e-01    9.458773e-01    1.267070e-01   -1.356073e-01
 44.0    9.220653e-01    9.936333e-01    9.429003e-01    9.418037e-01    1.323390e-01   -1.374387e-01
 45.0    8.493354e-01    9.932974e-01    9.385414e-01    9.375217e-01    1.380914e-01   -1.390374e-01
 46.0    7.833148e-01    9.929456e-01    9.339557e-01    9.330238e-01    1.439715e-01   -1.403976e-01
 47.0    7.233344e-01    9.925771e-01    9.291350e-01    9.283025e-01    1.499846e-01   -1.415158e-01
 48.0    6.687799e-01    9.921913e-01    9.240754e-01    9.233547e-01    1.561244e-01   -1.423948e-01
 49.0    6.191069e-01    9.917876e-01    9.187724e-01    9.181768e-01    1.623872e-01   -1.430355e-01
 50.0    5.738435e-01    9.913653e-01    9.132136e-01    9.127572e-01    1.687847e-01   -1.434319e-01
 51.0    5.325586e-01    9.909238e-01    9.073911e-01    9.070888e-01    1.753197e-01   -1.435819e-01
 52.0    4.948590e-01    9.904624e-01    9.013013e-01    9.011689e-01    1.819864e-01   -1.434880e-01
 53.0    4.603991e-01    9.899804e-01    8.949380e-01    8.949923e-01    1.887857e-01   -1.431505e-01
 54.0    4.288721e-01    9.894776e-01    8.882926e-01    8.885512e-01    1.957229e-01   -1.425689e-01
 55.0    3.999966e-01    9.889528e-01    8.813613e-01    8.818428e-01    2.027942e-01   -1.417486e-01
 56.0    3.735253e-01    9.884056e-01    8.741365e-01    8.748602e-01    2.100042e-01   -1.406929e-01
 57.0    3.492334e-01    9.878357e-01    8.666127e-01    8.675991e-01    2.173525e-01   -1.394095e-01
 58.0    3.269174e-01    9.872422e-01    8.587836e-01    8.600539e-01    2.248377e-01   -1.379086e-01
 59.0    3.063948e-01    9.866246e-01    8.506433e-01    8.522198e-01    2.324582e-01   -1.362014e-01
 60.0    2.875026e-01    9.859823e-01    8.421820e-01    8.440876e-01    2.402157e-01   -1.342986e-01
 61.0    2.700859e-01    9.853146e-01    8.334024e-01    8.356612e-01    2.480916e-01   -1.322202e-01
 62.0    2.540166e-01    9.846211e-01    8.242877e-01    8.269246e-01    2.560953e-01   -1.299752e-01
 63.0    2.391778e-01    9.839014e-01    8.148195e-01    8.178599e-01    2.642331e-01   -1.275729e-01
 64.0    2.254556e-01    9.831549e-01    8.049966e-01    8.084672e-01    2.724870e-01   -1.250313e-01
 65.0    2.127518e-01    9.823810e-01    7.948091e-01    7.987371e-01    2.808493e-01   -1.223630e-01
 66.0    2.009757e-01    9.815791e-01    7.842509e-01    7.886643e-01    2.893062e-01   -1.195813e-01
 67.0    1.900444e-01    9.807483e-01    7.733218e-01    7.782497e-01    2.978358e-01   -1.167010e-01
 68.0    1.798885e-01    9.798884e-01    7.620069e-01    7.674787e-01    3.064365e-01   -1.137275e-01
 69.0    1.704479e-01    9.789999e-01    7.502824e-01    7.563281e-01    3.151146e-01   -1.106617e-01
 70.0    1.616619e-01    9.780824e-01    7.381446e-01    7.447945e-01    3.238533e-01   -1.075126e-01
 71.0    1.534779e-01    9.771360e-01    7.255832e-01    7.328684e-01    3.326431e-01   -1.042860e-01
 72.0    1.458477e-01    9.761607e-01    7.125915e-01    7.205431e-01    3.414722e-01   -1.009881e-01
 73.0    1.387205e-01    9.751558e-01    6.991955e-01    7.078451e-01    3.502962e-01   -9.763613e-02
 74.0    1.320632e-01    9.741225e-01    6.853639e-01    6.947431e-01    3.591301e-01   -9.422642e-02
 75.0    1.258407e-01    9.730616e-01    6.710879e-01    6.812278e-01    3.679655e-01   -9.076465e-02
 76.0    1.200209e-01    9.719743e-01    6.563577e-01    6.672892e-01    3.767941e-01   -8.725636e-02
 77.0    1.145691e-01    9.708605e-01    6.411976e-01    6.529516e-01    3.855779e-01   -8.371713e-02
 78.0    1.094607e-01    9.697217e-01    6.255909e-01    6.381974e-01    3.943164e-01   -8.015019e-02
 79.0    1.046719e-01    9.685600e-01    6.095268e-01    6.230148e-01    4.030028e-01   -7.656100e-02
 80.0    1.001777e-01    9.673758e-01    5.930190e-01    6.074169e-01    4.116090e-01   -7.296236e-02
 81.0    9.595400e-02    9.661705e-01    5.760906e-01    5.914259e-01    4.201028e-01   -6.936823e-02
 82.0    9.198783e-02    9.649476e-01    5.586954e-01    5.749934e-01    4.285030e-01   -6.577484e-02
 83.0    8.826061e-02    9.637095e-01    5.408385e-01    5.581230e-01    4.367882e-01   -6.219199e-02
 84.0    8.475000e-02    9.624558e-01    5.225745e-01    5.408686e-01    4.449046e-01   -5.863953e-02
 85.0    8.144274e-02    9.611897e-01    5.038950e-01    5.232196e-01    4.528434e-01   -5.512121e-02
 86.0    7.832765e-02    9.599149e-01    4.847807e-01    5.051542e-01    4.606016e-01   -5.163860e-02
 87.0    7.539038e-02    9.586336e-01    4.652536e-01    4.866924e-01    4.681496e-01   -4.820149e-02
 88.0    7.262026e-02    9.573492e-01    4.453093e-01    4.678269e-01    4.754738e-01   -4.481213e-02
 89.0    7.000700e-02    9.560655e-01    4.249499e-01    4.485572e-01    4.825569e-01   -4.147341e-02
 90.0    6.754110e-02    9.547861e-01    4.041786e-01    4.288832e-01    4.893818e-01   -3.818851e-02
 91.0    6.520885e-02    9.535114e-01    3.830617e-01    4.088701e-01    4.959000e-01   -3.496901e-02
 92.0    6.300548e-02    9.522474e-01    3.615677e-01    3.884820e-01    5.021141e-01   -3.180875e-02
 93.0    6.092194e-02    9.509970e-01    3.397272e-01    3.677467e-01    5.079970e-01   -2.871123e-02
 94.0    5.894857e-02    9.497617e-01    3.175910e-01    3.467131e-01    5.135153e-01   -2.568217e-02
 95.0    5.708092e-02    9.485469e-01    2.951485e-01    3.253663e-01    5.186641e-01   -2.271689e-02
 96.0    5.531161e-02    9.473551e-01    2.724376e-01    3.037417e-01    5.234190e-01   -1.981813e-02
 97.0    5.363567e-02    9.461907e-01    2.494682e-01    2.818456e-01    5.277677e-01   -1.698402e-02
 98.0    5.205077e-02    9.450603e-01    2.262159e-01    2.596484e-01    5.317091e-01   -1.420759e-02
 99.0    5.054826e-02    9.439640e-01    2.027601e-01    2.372284e-01    5.352080e-01   -1.149468e-02
100.0    4.912476e-02    9.429063e-01    1.791062e-01    2.145871e-01    5.382557e-01   -8.841855e-03
101.0    4.777567e-02    9.418904e-01    1.552840e-01    1.917516e-01    5.408366e-01   -6.247244e-03
102.0    4.649644e-02    9.409186e-01    1.313290e-01    1.687546e-01    5.429353e-01   -3.708195e-03
103.0    4.528301e-02    9.399937e-01    1.072748e-01    1.456273e-01    5.445394e-01   -1.221743e-03
104.0    4.413364e-02    9.391208e-01    8.311907e-02    1.223631e-01    5.456454e-01    1.219800e-03
105.0    4.304132e-02    9.382973e-01    5.895818e-02    9.905926e-02    5.462311e-01    3.615470e-03
106.0    4.200496e-02    9.375282e-01    3.478792e-02    7.570750e-02    5.462978e-01    5.974746e-03
107.0    4.102398e-02    9.368193e-01    1.059726e-02    5.229227e-02    5.458469e-01    8.306925e-03
108.0    4.009274e-02    9.361681e-01   -1.352760e-02    2.890057e-02    5.448671e-01    1.061378e-02
109.0    3.920736e-02    9.355743e-01   -3.752890e-02    5.589837e-03    5.433553e-01    1.290030e-02
110.0    3.836868e-02    9.350442e-01   -6.143397e-02   -1.767242e-02    5.413213e-01    1.517651e-02
111.0    3.757610e-02    9.345828e-01   -8.524241e-02   -4.088950e-02    5.387703e-01    1.744987e-02
112.0    3.682490e-02    9.341867e-01   -1.088734e-01   -6.397920e-02    5.357023e-01    1.972267e-02
113.0    3.611214e-02    9.338553e-01   -1.322777e-01   -8.689244e-02    5.321246e-01    2.199856e-02
114.0    3.543542e-02    9.335885e-01   -1.554160e-01   -1.095903e-01    5.280469e-01    2.428207e-02
115.0    3.479224e-02    9.333853e-01   -1.782462e-01   -1.320308e-01    5.234816e-01    2.657646e-02
116.0    3.418591e-02    9.332560e-01   -2.008393e-01   -1.542925e-01    5.184417e-01    2.888815e-02
117.0    3.361288e-02    9.331974e-01   -2.231327e-01   -1.763113e-01    5.129398e-01    3.121815e-02
118.0    3.306918e-02    9.332050e-01   -2.450580e-01   -1.980160e-01    5.069923e-01    3.356731e-02
119.0    3.255330e-02    9.332787e-01   -2.665944e-01   -2.193865e-01    5.006163e-01    3.593747e-02
120.0    3.206465e-02    9.334200e-01   -2.877402e-01   -2.404225e-01    4.938285e-01    3.833080e-02
121.0    3.160351e-02    9.336323e-01   -3.085101e-01   -2.611417e-01    4.866442e-01    4.074852e-02
122.0    3.116906e-02    9.339163e-01   -3.288978e-01   -2.815390e-01    4.790804e-01    4.319063e-02
123.0    3.075799e-02    9.342671e-01   -3.488521e-01   -3.015601e-01    4.711589e-01    4.565753e-02
124.0    3.037009e-02    9.346864e-01   -3.683804e-01   -3.212141e-01    4.628966e-01    4.814892e-02
125.0    3.000553e-02    9.351763e-01   -3.874961e-01   -3.405164e-01    4.543086e-01    5.066290e-02
126.0    2.965874e-02    9.357263e-01   -4.061108e-01   -3.593713e-01    4.454249e-01    5.320114e-02
127.0    2.933251e-02    9.363436e-01   -4.242867e-01   -3.778469e-01    4.362543e-01    5.576049e-02
128.0    2.902500e-02    9.370252e-01   -4.420038e-01   -3.959211e-01    4.268170e-01    5.833882e-02
129.0    2.873679e-02    9.377729e-01   -4.592846e-01   -4.136181e-01    4.171255e-01    6.093179e-02
130.0    2.846640e-02    9.385840e-01   -4.761171e-01   -4.309243e-01    4.071983e-01    6.353609e-02
131.0    2.821258e-02    9.394559e-01   -4.924961e-01   -4.478324e-01    3.970527e-01    6.614736e-02
132.0    2.797239e-02    9.403817e-01   -5.083910e-01   -4.643072e-01    3.867125e-01    6.876362e-02
133.0    2.774897e-02    9.413676e-01   -5.238725e-01   -4.804237e-01    3.761788e-01    7.137303e-02
134.0    2.754015e-02    9.424074e-01   -5.389265e-01   -4.961633e-01    3.654705e-01    7.397030e-02
135.0    2.734544e-02    9.434989e-01   -5.535690e-01   -5.115398e-01    3.546011e-01    7.654683e-02
136.0    2.716508e-02    9.446398e-01   -5.678286e-01   -5.265801e-01    3.435797e-01    7.909174e-02
137.0    2.699805e-02    9.458256e-01   -5.817164e-01   -5.412913e-01    3.324197e-01    8.159571e-02
138.0    2.684319e-02    9.470505e-01   -5.952437e-01   -5.556796e-01    3.211346e-01    8.404929e-02
139.0    2.669846e-02    9.483066e-01   -6.084113e-01   -5.697393e-01    3.097413e-01    8.644518e-02
140.0    2.656408e-02    9.495899e-01   -6.212543e-01   -5.835015e-01    2.982465e-01    8.876994e-02
141.0    2.644103e-02    9.508971e-01   -6.338171e-01   -5.970069e-01    2.866541e-01    9.100650e-02
142.0    2.632931e-02    9.522222e-01   -6.461303e-01   -6.102803e-01    2.749732e-01    9.313908e-02
143.0    2.622825e-02    9.535574e-01   -6.582164e-01   -6.233367e-01    2.632152e-01    9.515275e-02
144.0    2.613535e-02    9.548906e-01   -6.700763e-01   -6.361666e-01    2.513988e-01    9.703689e-02
145.0    2.605308e-02    9.562183e-01   -6.817735e-01   -6.488285e-01    2.395267e-01    9.876423e-02
146.0    2.597982e-02    9.575285e-01   -6.933208e-01   -6.613242e-01    2.276178e-01    1.003186e-01
147.0    2.591413e-02    9.588094e-01   -7.047353e-01   -6.736593e-01    2.156919e-01    1.016818e-01
148.0    2.585625e-02    9.600507e-01   -7.160530e-01   -6.858595e-01    2.037645e-01    1.028282e-01
149.0    2.580986e-02    9.612469e-01   -7.273436e-01   -6.979872e-01    1.918447e-01    1.037183e-01
150.0    2.576946e-02    9.623770e-01   -7.385770e-01   -7.099939e-01    1.799721e-01    1.043437e-01
151.0    2.573853e-02    9.634334e-01   -7.498140e-01   -7.219307e-01    1.681623e-01    1.046628e-01
152.0    2.571332e-02    9.643971e-01   -7.610392e-01   -7.337646e-01    1.564543e-01    1.046593e-01
153.0    2.569321e-02    9.652529e-01   -7.722636e-01   -7.454913e-01    1.448814e-01    1.043057e-01
154.0    2.568447e-02    9.659946e-01   -7.835497e-01   -7.571646e-01    1.334653e-01    1.035485e-01
155.0    2.568157e-02    9.665993e-01   -7.948473e-01   -7.687133e-01    1.222587e-01    1.023799e-01
156.0    2.568295e-02    9.670498e-01   -8.061349e-01   -7.800983e-01    1.113070e-01    1.007790e-01
157.0    2.569609e-02    9.673401e-01   -8.174455e-01   -7.913444e-01    1.006441e-01    9.869452e-02
158.0    2.571514e-02    9.674477e-01   -8.286981e-01   -8.023495e-01    9.032928e-02    9.612987e-02
159.0    2.574112e-02    9.673594e-01   -8.398504e-01   -8.130576e-01    8.041127e-02    9.306872e-02
160.0    2.577621e-02    9.670647e-01   -8.508508e-01   -8.234060e-01    7.093965e-02    8.949930e-02
161.0    2.582027e-02    9.665521e-01   -8.616178e-01   -8.333016e-01    6.196629e-02    8.542763e-02
162.0    2.587494e-02    9.658146e-01   -8.720659e-01   -8.426519e-01    5.353961e-02    8.086573e-02
163.0    2.593667e-02    9.648415e-01   -8.820738e-01   -8.513260e-01    4.570718e-02    7.585360e-02
164.0    2.600927e-02    9.636359e-01   -8.915505e-01   -8.592356e-01    3.850714e-02    7.042255e-02
165.0    2.609526e-02    9.622042e-01   -9.003926e-01   -8.662846e-01    3.197241e-02    6.462393e-02
166.0    2.618882e-02    9.605465e-01   -9.084692e-01   -8.723442e-01    2.612786e-02    5.854354e-02
167.0    2.629315e-02    9.586823e-01   -9.156970e-01   -8.773515e-01    2.098496e-02    5.225806e-02
168.0    2.640900e-02    9.566348e-01   -9.219983e-01   -8.812542e-01    1.654301e-02    4.586429e-02
169.0    2.653250e-02    9.544279e-01   -9.273017e-01   -8.840074e-01    1.278553e-02    3.947883e-02
170.0    2.666615e-02    9.521048e-01   -9.315799e-01   -8.856293e-01    9.678616e-03    3.321818e-02
171.0    2.680979e-02    9.497139e-01   -9.348260e-01   -8.861651e-01    7.170906e-03    2.721186e-02
172.0    2.695784e-02    9.473041e-01   -9.370561e-01   -8.856829e-01    5.194321e-03    2.159528e-02
173.0    2.710760e-02    9.449375e-01   -9.383374e-01   -8.843162e-01    3.670247e-03    1.649078e-02
174.0    2.725566e-02    9.426824e-01   -9.387839e-01   -8.822514e-01    2.516423e-03    1.200252e-02
175.0    2.739532e-02    9.406051e-01   -9.385553e-01   -8.797184e-01    1.654528e-03    8.207269e-03
176.0    2.752320e-02    9.387795e-01   -9.378656e-01   -8.770096e-01    1.018566e-03    5.145827e-03
177.0    2.763698e-02    9.372795e-01   -9.369627e-01   -8.744505e-01    5.607123e-04    2.825273e-03
178.0    2.772605e-02    9.361524e-01   -9.360819e-01   -8.723276e-01    2.477798e-04    1.224379e-03
179.0    2.778714e-02    9.354516e-01   -9.354446e-01   -8.709191e-01    5.174472e-05    3.019017e-04
180.0    2.784876e-02    9.353032e-01   -9.353031e-01   -8.706055e-01   -0.000000e+00    0.000000e+00
concentration ratio:  0.998747
ext =  9.86426  ssa =  0.59100

Case 1: timing ... done:
  0.0    1.016008e+02    9.997294e-01    9.997294e-01    9.994589e-01   -0.000000e+00    0.000000e+00
  1.0    6.220902e+01    9.995592e-01    9.995460e-01    9.991066e-01   -1.154759e-04   -2.714780e-03
  2.0    3.925060e+01    9.993048e-01    9.992119e-01    9.985243e-01   -2.712795e-04   -6.797968e-03
  3.0    2.796145e+01    9.990311e-01    9.987746e-01    9.978275e-01   -3.672112e-04   -1.061744e-02
  4.0    2.172044e+01    9.987637e-01    9.982716e-01    9.970805e-01   -3.888452e-04   -1.376277e-02
  5.0    1.793710e+01    9.985168e-01    9.977399e-01    9.963354e-01   -3.531180e-04   -1.621641e-02
  6.0    1.546706e+01    9.982951e-01    9.972065e-01    9.956238e-01   -2.868358e-04   -1.815239e-02
  7.0    1.374882e+01    9.980966e-01    9.966855e-01    9.949587e-01   -2.135548e-04   -1.978601e-02
  8.0    1.248442e+01    9.979169e-01    9.961805e-01    9.943392e-01   -1.504886e-04   -2.130423e-02
  9.0    1.150547e+01    9.977509e-01    9.956875e-01    9.937566e-01   -1.080306e-04   -2.284536e-02
 10.0    1.071260e+01    9.975948e-01    9.951991e-01    9.931986e-01   -9.368139e-05   -2.449713e-02
 11.0    1.004511e+01    9.974453e-01    9.947061e-01    9.926523e-01   -1.149890e-04   -2.631430e-02
 12.0    9.464612e+00    9.972992e-01    9.941965e-01    9.921028e-01   -1.739252e-04   -2.832544e-02
 13.0    8.937836e+00    9.971424e-01    9.935101e-01    9.913892e-01   -2.834205e-04   -3.061301e-02
 14.0    8.474269e+00    9.970065e-01    9.930801e-01    9.909372e-01   -4.035975e-04   -3.293958e-02
 15.0    8.037483e+00    9.968554e-01    9.924524e-01    9.902967e-01   -5.706051e-04   -3.552128e-02
 16.0    7.628801e+00    9.966984e-01    9.917679e-01    9.896059e-01   -7.689842e-04   -3.826014e-02
 17.0    7.243392e+00    9.965340e-01    9.910261e-01    9.888636e-01   -9.946065e-04   -4.113392e-02
 18.0    6.877935e+00    9.963609e-01    9.902331e-01    9.880755e-01   -1.241838e-03   -4.412321e-02
 19.0    6.530111e+00    9.961782e-01    9.893970e-01    9.872494e-01   -1.506794e-03   -4.720896e-02
 20.0    6.198333e+00    9.959850e-01    9.885220e-01    9.863895e-01   -1.790618e-03   -5.037304e-02
 21.0    5.881550e+00    9.957804e-01    9.876013e-01    9.854891e-01   -2.097386e-03   -5.360001e-02
 22.0    5.579034e+00    9.955645e-01    9.866233e-01    9.845358e-01   -2.431636e-03   -5.687389e-02
 23.0    5.290212e+00    9.953367e-01    9.855760e-01    9.835179e-01   -2.796993e-03   -6.017743e-02
 24.0    5.014601e+00    9.950956e-01    9.844490e-01    9.824258e-01   -3.195151e-03   -6.349271e-02
 25.0    4.751790e+00    9.948406e-01    9.832355e-01    9.812527e-01   -3.626759e-03   -6.680126e-02
 26.0    4.501395e+00    9.945704e-01    9.819297e-01    9.799935e-01   -4.093385e-03   -7.008554e-02
 27.0    4.263041e+00    9.942846e-01    9.805282e-01    9.786452e-01   -4.596143e-03   -7.333017e-02
 28.0    4.036377e+00    9.939820e-01    9.790268e-01    9.772042e-01   -5.136973e-03   -7.652057e-02
 29.0    3.821034e+00    9.936619e-01    9.774226e-01    9.756676e-01   -5.716705e-03   -7.964252e-02
 30.0    3.616643e+00    9.933235e-01    9.757128e-01    9.740331e-01   -6.335532e-03   -8.268380e-02
 31.0    3.422803e+00    9.929662e-01    9.738952e-01    9.722991e-01   -6.994298e-03   -8.563487e-02
 32.0    3.239128e+00    9.925893e-01    9.719659e-01    9.704621e-01   -7.693968e-03   -8.848319e-02
 33.0    3.065222e+00    9.921936e-01    9.699217e-01    9.685180e-01   -8.436722e-03   -9.121558e-02
 34.0    2.900682e+00    9.917779e-01    9.677586e-01    9.664639e-01   -9.224211e-03   -9.381925e-02
 35.0    2.745097e+00    9.913409e-01    9.654720e-01    9.642961e-01   -1.005673e-02   -9.628219e-02
 36.0    2.598081e+00    9.908818e-01    9.630584e-01    9.620116e-01   -1.093442e-02   -9.859249e-02
 37.0    2.459253e+00    9.903996e-01    9.605148e-01    9.596084e-01   -1.185625e-02   -1.007382e-01
 38.0    2.328236e+00    9.898935e-01    9.578395e-01    9.570853e-01   -1.282075e-02   -1.027080e-01
 39.0    2.204643e+00    9.893637e-01    9.550315e-01    9.544417e-01   -1.382595e-02   -1.044916e-01
 40.0    2.088106e+00    9.888096e-01    9.520899e-01    9.516771e-01   -1.487010e-02   -1.060804e-01
 41.0    1.978274e+00    9.882291e-01    9.490121e-01    9.487906e-01   -1.595172e-02   -1.074661e-01
 42.0    1.874800e+00    9.876207e-01    9.457954e-01    9.457804e-01   -1.706934e-02   -1.086390e-01
 43.0    1.777337e+00    9.869850e-01    9.424388e-01    9.426449e-01   -1.822055e-02   -1.095919e-01
 44.0    1.685534e+00    9.863232e-01    9.389460e-01    9.393868e-01   -1.940267e-02   -1.103274e-01
 45.0    1.599078e+00    9.856331e-01    9.353138e-01    9.360053e-01   -2.061333e-02   -1.108401e-01
 46.0    1.517678e+00    9.849141e-01    9.315398e-01    9.324993e-01   -2.184995e-02   -1.111215e-01
 47.0    1.441044e+00    9.841647e-01    9.276224e-01    9.288679e-01   -2.310819e-02   -1.111675e-01
 48.0    1.368899e+00    9.833848e-01    9.235598e-01    9.251098e-01   -2.438443e-02   -1.109746e-01
 49.0    1.300978e+00    9.825736e-01    9.193512e-01    9.212252e-01   -2.567554e-02   -1.105392e-01
 50.0    1.237030e+00    9.817297e-01    9.149940e-01    9.172133e-01   -2.697578e-02   -1.098584e-01
 51.0    1.176820e+00    9.808522e-01    9.104868e-01    9.130733e-01   -2.828018e-02   -1.089303e-01
 52.0    1.120132e+00    9.799400e-01    9.058276e-01    9.088048e-01   -2.958327e-02   -1.077533e-01
 53.0    1.066756e+00    9.789926e-01    9.010149e-01    9.044074e-01   -3.088091e-02   -1.063280e-01
 54.0    1.016486e+00    9.780118e-01    8.960490e-01    8.998795e-01   -3.216783e-02   -1.046543e-01
 55.0    9.691400e-01    9.769963e-01    8.909262e-01    8.952191e-01   -3.343991e-02   -1.027293e-01
 56.0    9.245395e-01    9.759449e-01    8.856434e-01    8.904247e-01   -3.469057e-02   -1.005567e-01
 57.0    8.825115e-01    9.748565e-01    8.802020e-01    8.854990e-01   -3.591618e-02   -9.814150e-02
 58.0    8.428938e-01    9.737300e-01    8.746043e-01    8.804466e-01   -3.711522e-02   -9.549208e-02
 59.0    8.055384e-01    9.725651e-01    8.688492e-01    8.752664e-01   -3.828064e-02   -9.261439e-02
 60.0    7.703103e-01    9.713620e-01    8.629372e-01    8.699595e-01   -3.940930e-02   -8.950909e-02
 61.0    7.370747e-01    9.701205e-01    8.568728e-01    8.645317e-01   -4.050008e-02   -8.618148e-02
 62.0    7.057112e-01    9.688409e-01    8.506578e-01    8.589852e-01   -4.154937e-02   -8.263592e-02
 63.0    6.761037e-01    9.675251e-01    8.442979e-01    8.533244e-01   -4.255592e-02   -7.887916e-02
 64.0    6.481453e-01    9.661719e-01    8.377969e-01    8.475548e-01   -4.351898e-02   -7.491921e-02
 65.0    6.217336e-01    9.647801e-01    8.311614e-01    8.416853e-01   -4.444200e-02   -7.076534e-02
 66.0    5.967744e-01    9.633501e-01    8.243978e-01    8.357225e-01   -4.532600e-02   -6.642564e-02
 67.0    5.731776e-01    9.618826e-01    8.175146e-01    8.296746e-01   -4.617547e-02   -6.191001e-02
 68.0    5.508555e-01    9.603782e-01    8.105200e-01    8.235492e-01   -4.699262e-02   -5.723623e-02
 69.0    5.297268e-01    9.588363e-01    8.034242e-01    8.173576e-01   -4.778339e-02   -5.241696e-02
 70.0    5.097155e-01    9.572586e-01    7.962375e-01    8.111092e-01   -4.855344e-02   -4.746094e-02
 71.0    4.907531e-01    9.556459e-01    7.889680e-01    8.048126e-01   -4.930528e-02   -4.237986e-02
 72.0    4.727795e-01    9.539993e-01    7.816241e-01    7.984763e-01   -5.004411e-02   -3.718363e-02
 73.0    4.557358e-01    9.523190e-01    7.742095e-01    7.921042e-01   -5.076943e-02   -3.188155e-02
 74.0    4.395675e-01    9.506063e-01    7.667312e-01    7.857020e-01   -5.148310e-02   -2.648080e-02
 75.0    4.242257e-01    9.488661e-01    7.591878e-01    7.792655e-01   -5.217871e-02   -2.098626e-02
 76.0    4.096642e-01    9.471004e-01    7.515827e-01    7.727974e-01   -5.285467e-02   -1.540199e-02
 77.0    3.958413e-01    9.453087e-01    7.439098e-01    7.662926e-01   -5.350559e-02   -9.733491e-03
 78.0    3.827157e-01    9.434938e-01    7.361644e-01    7.597446e-01   -5.412914e-02   -3.984529e-03
 79.0    3.702468e-01    9.416583e-01    7.283455e-01    7.531505e-01   -5.472804e-02    1.835799e-03
 80.0    3.584021e-01    9.398019e-01    7.204432e-01    7.465017e-01   -5.530247e-02    7.724369e-03
 81.0    3.471487e-01    9.379269e-01    7.124509e-01    7.397910e-01   -5.585000e-02    1.368060e-02
 82.0    3.364509e-01    9.360381e-01    7.043771e-01    7.330221e-01   -5.637870e-02    1.969744e-02
 83.0    3.262804e-01    9.341352e-01    6.962215e-01    7.261960e-01   -5.689430e-02    2.577291e-02
 84.0    3.166113e-01    9.322213e-01    6.879750e-01    7.193013e-01   -5.739394e-02    3.190362e-02
 85.0    3.074168e-01    9.303012e-01    6.796421e-01    7.123383e-01   -5.788204e-02    3.808632e-02
 86.0    2.986710e-01    9.283795e-01    6.712277e-01    7.053087e-01   -5.836572e-02    4.431689e-02
 87.0    2.903514e-01    9.264576e-01    6.627350e-01    6.982141e-01   -5.885052e-02    5.059287e-02
 88.0    2.824370e-01    9.245389e-01    6.541657e-01    6.910544e-01   -5.933867e-02    5.691107e-02
 89.0    2.749076e-01    9.226305e-01    6.455293e-01    6.838319e-01   -5.983800e-02    6.326912e-02
 90.0    2.677428e-01    9.207354e-01    6.368307e-01    6.765484e-01   -6.035621e-02    6.965576e-02
 91.0    2.609228e-01    9.188559e-01    6.280727e-01    6.692051e-01   -6.090138e-02    7.606437e-02
 92.0    2.544325e-01    9.169979e-01    6.192580e-01    6.617996e-01   -6.148247e-02    8.249443e-02
 93.0    2.482586e-01    9.151672e-01    6.103891e-01    6.543292e-01   -6.210683e-02    8.894368e-02
 94.0    2.423883e-01    9.133671e-01    6.014717e-01    6.467963e-01   -6.278631e-02    9.540950e-02
 95.0    2.368079e-01    9.116051e-01    5.925142e-01    6.392018e-01   -6.353418e-02    1.018882e-01
 96.0    2.315054e-01    9.098854e-01    5.835231e-01    6.315502e-01   -6.436352e-02    1.083793e-01
 97.0    2.264710e-01    9.082147e-01    5.744975e-01    6.238365e-01   -6.528238e-02    1.148787e-01
 98.0    2.216967e-01    9.065992e-01    5.654375e-01    6.160543e-01   -6.629838e-02    1.213860e-01
 99.0    2.171703e-01    9.050410e-01    5.563669e-01    6.082245e-01   -6.743334e-02    1.279028e-01
100.0    2.128848e-01    9.035507e-01    5.472872e-01    6.003402e-01   -6.869508e-02    1.344277e-01
101.0    2.088330e-01    9.021340e-01    5.382077e-01    5.924049e-01   -7.009312e-02    1.409580e-01
102.0    2.050052e-01    9.007886e-01    5.291278e-01    5.844214e-01   -7.163909e-02    1.474779e-01
103.0    2.013930e-01    8.995231e-01    5.200544e-01    5.763885e-01   -7.334301e-02    1.539810e-01
104.0    1.979877e-01    8.983470e-01    5.110062e-01    5.683164e-01   -7.521838e-02    1.604613e-01
105.0    1.947830e-01    8.972619e-01    5.019899e-01    5.602112e-01   -7.727649e-02    1.669104e-01
106.0    1.917714e-01    8.962711e-01    4.930084e-01    5.520718e-01   -7.952766e-02    1.733181e-01
107.0    1.889456e-01    8.953744e-01    4.840661e-01    5.439024e-01   -8.198497e-02    1.796728e-01
108.0    1.862989e-01    8.945735e-01    4.751732e-01    5.357112e-01   -8.466550e-02    1.859661e-01
109.0    1.838259e-01    8.938782e-01    4.663243e-01    5.274842e-01   -8.757730e-02    1.921848e-01
110.0    1.815202e-01    8.932892e-01    4.575246e-01    5.192243e-01   -9.073711e-02    1.983180e-01
111.0    1.793768e-01    8.928073e-01    4.487773e-01    5.109331e-01   -9.416088e-02    2.043565e-01
112.0    1.773907e-01    8.924361e-01    4.400805e-01    5.026068e-01   -9.786482e-02    2.102899e-01
113.0    1.755554e-01    8.921780e-01    4.314349e-01    4.942442e-01   -1.018689e-01    2.161027e-01
114.0    1.738664e-01    8.920320e-01    4.228208e-01    4.858250e-01   -1.061864e-01    2.217737e-01
115.0    1.723203e-01    8.919952e-01    4.142256e-01    4.773396e-01   -1.108349e-01    2.272935e-01
116.0    1.709127e-01    8.920731e-01    4.056459e-01    4.687783e-01   -1.158347e-01    2.326570e-01
117.0    1.696417e-01    8.922644e-01    3.970712e-01    4.601299e-01   -1.212009e-01    2.378539e-01
118.0    1.685056e-01    8.925666e-01    3.884893e-01    4.513842e-01   -1.269460e-01    2.428726e-01
119.0    1.675021e-01    8.929831e-01    3.798864e-01    4.425252e-01   -1.330824e-01    2.477012e-01
120.0    1.666292e-01    8.935068e-01    3.712457e-01    4.335413e-01   -1.396195e-01    2.523225e-01
121.0    1.658844e-01    8.941355e-01    3.625529e-01    4.244212e-01   -1.465646e-01    2.567205e-01
122.0    1.652652e-01    8.948678e-01    3.537959e-01    4.151537e-01   -1.539233e-01    2.608789e-01
123.0    1.647707e-01    8.956979e-01    3.449457e-01    4.057146e-01   -1.616936e-01    2.647737e-01
124.0    1.643977e-01    8.966251e-01    3.359886e-01    3.960886e-01   -1.698735e-01    2.683856e-01
125.0    1.641429e-01    8.976434e-01    3.269003e-01    3.862571e-01   -1.784581e-01    2.716878e-01
126.0    1.640012e-01    8.987455e-01    3.176696e-01    3.762144e-01   -1.874430e-01    2.746560e-01
127.0    1.639699e-01    8.999250e-01    3.082623e-01    3.659315e-01   -1.968105e-01    2.772601e-01
128.0    1.640457e-01    9.011743e-01    2.986321e-01    3.553682e-01   -2.065391e-01    2.794606e-01
129.0    1.642203e-01    9.024894e-01    2.887653e-01    3.445145e-01   -2.166186e-01    2.812221e-01
130.0    1.644892e-01    9.038648e-01    2.786243e-01    3.333390e-01   -2.270302e-01    2.825037e-01
131.0    1.648475e-01    9.052950e-01    2.681633e-01    3.217992e-01   -2.377528e-01    2.832598e-01
132.0    1.652891e-01    9.067683e-01    2.573464e-01    3.098697e-01   -2.487686e-01    2.834439e-01
133.0    1.658091e-01    9.082775e-01    2.461147e-01    2.974978e-01   -2.600499e-01    2.830017e-01
134.0    1.664009e-01    9.098212e-01    2.344168e-01    2.846316e-01   -2.715705e-01    2.818823e-01
135.0    1.670589e-01    9.113887e-01    2.221888e-01    2.712158e-01   -2.833003e-01    2.800291e-01
136.0    1.677777e-01    9.129693e-01    2.093608e-01    2.571903e-01   -2.952049e-01    2.773856e-01
137.0    1.685486e-01    9.145563e-01    1.958828e-01    2.425100e-01   -3.072549e-01    2.739010e-01
138.0    1.693682e-01    9.161420e-01    1.816744e-01    2.271018e-01   -3.194020e-01    2.695144e-01
139.0    1.702344e-01    9.177195e-01    1.666477e-01    2.108865e-01   -3.315883e-01    2.641706e-01
140.0    1.711416e-01    9.192879e-01    1.507216e-01    1.937850e-01   -3.437492e-01    2.578267e-01
141.0    1.720878e-01    9.208406e-01    1.338201e-01    1.757319e-01   -3.558120e-01    2.504380e-01
142.0    1.730729e-01    9.223635e-01    1.158604e-01    1.566597e-01   -3.676878e-01    2.419631e-01
143.0    1.740975e-01    9.238404e-01    9.674704e-02    1.364917e-01   -3.792733e-01    2.323641e-01
144.0    1.751634e-01    9.252618e-01    7.638661e-02    1.151464e-01   -3.904579e-01    2.216091e-01
145.0    1.762786e-01    9.266170e-01    5.466710e-02    9.252375e-02   -4.011065e-01    2.096625e-01
146.0    1.774500e-01    9.278942e-01    3.149896e-02    6.855075e-02   -4.110812e-01    1.965051e-01
147.0    1.786901e-01    9.290892e-01    6.787822e-03    4.314320e-02   -4.202232e-01    1.821407e-01
148.0    1.800192e-01    9.301913e-01   -1.956566e-02    1.622104e-02   -4.283488e-01    1.665970e-01
149.0    1.814610e-01    9.311955e-01   -4.762785e-02   -1.226796e-02   -4.352589e-01    1.499400e-01
150.0    1.830450e-01    9.320996e-01   -7.742843e-02   -4.234396e-02   -4.407362e-01    1.322842e-01
151.0    1.848098e-01    9.328974e-01   -1.089896e-01   -7.401497e-02   -4.445438e-01    1.137891e-01
152.0    1.867997e-01    9.335804e-01   -1.423032e-01   -1.072585e-01   -4.464321e-01    9.464631e-02
153.0    1.890630e-01    9.341485e-01   -1.773279e-01   -1.420264e-01   -4.461457e-01    7.507800e-02
154.0    1.916550e-01    9.346050e-01   -2.139886e-01   -1.782410e-01   -4.434229e-01    5.533889e-02
155.0    1.946420e-01    9.349503e-01   -2.521606e-01   -2.157728e-01   -4.379830e-01    3.571858e-02
156.0    1.980960e-01    9.351971e-01   -2.916199e-01   -2.544039e-01   -4.295374e-01    1.656130e-02
157.0    2.021101e-01    9.353638e-01   -3.320338e-01   -2.938172e-01   -4.177692e-01   -1.701597e-03
158.0    2.068113e-01    9.354759e-01   -3.728935e-01   -3.335276e-01   -4.023661e-01   -1.847366e-02
159.0    2.123858e-01    9.355799e-01   -4.134232e-01   -3.728052e-01   -3.831111e-01   -3.285097e-02
160.0    2.191239e-01    9.357505e-01   -4.526354e-01   -4.107309e-01   -3.600317e-01   -4.346448e-02
161.0    2.274237e-01    9.360818e-01   -4.896316e-01   -4.464974e-01   -3.335312e-01   -4.870320e-02
162.0    2.377016e-01    9.366568e-01   -5.239014e-01   -4.796899e-01   -3.042297e-01   -4.748477e-02
163.0    2.502877e-01    9.375113e-01   -5.552087e-01   -5.101374e-01   -2.727136e-01   -3.986426e-02
164.0    2.653864e-01    9.386345e-01   -5.834137e-01   -5.377317e-01   -2.394917e-01   -2.701120e-02
165.0    2.830428e-01    9.399794e-01   -6.084660e-01   -5.624214e-01   -2.051576e-01   -1.095666e-02
166.0    3.030400e-01    9.414530e-01   -6.303671e-01   -5.841627e-01   -1.706335e-01    5.675367e-03
167.0    3.247924e-01    9.429139e-01   -6.491334e-01   -6.028727e-01   -1.373753e-01    2.022388e-02
168.0    3.474317e-01    9.442249e-01   -6.648539e-01   -6.185276e-01   -1.072230e-01    3.084205e-02
169.0    3.701193e-01    9.452952e-01   -6.778775e-01   -6.313903e-01   -8.177719e-02    3.697306e-02
170.0    3.923206e-01    9.461001e-01   -6.888184e-01   -6.420349e-01   -6.180689e-02    3.898679e-02
171.0    4.138815e-01    9.466648e-01   -6.984603e-01   -6.512467e-01   -4.726676e-02    3.763349e-02
172.0    4.348971e-01    9.470297e-01   -7.077796e-01   -6.600235e-01   -3.764501e-02    3.363651e-02
173.0    4.555338e-01    9.472451e-01   -7.180838e-01   -6.697058e-01   -3.226430e-02    2.751309e-02
174.0    4.759156e-01    9.473670e-01   -7.310684e-01   -6.820332e-01   -3.035831e-02    1.960747e-02
175.0    4.960225e-01    9.474447e-01   -7.489445e-01   -6.992735e-01   -3.103333e-02    1.029455e-02
176.0    5.155651e-01    9.475422e-01   -7.747108e-01   -7.245090e-01   -3.313530e-02    7.344125e-05
177.0    5.338774e-01    9.477342e-01   -8.123814e-01   -7.618588e-01   -3.475930e-02   -9.690485e-03
178.0    5.498364e-01    9.481206e-01   -8.651264e-01   -8.146388e-01   -3.223420e-02   -1.543822e-02
179.0    5.627164e-01    9.488810e-01   -9.255537e-01   -8.756801e-01   -1.915594e-02   -1.104295e-02
180.0    5.730052e-01    9.493392e-01   -9.492444e-01   -8.997493e-01   -0.000000e+00    0.000000e+00
concentration ratio:  0.999519
ext =  5.10978  ssa =  0.98914
timing: nruns = 50 ...
runtime per run:    0.084 (sec.)

*******
* EOF *
*******